2
6
10
14
18
22
26
30
34
38
42
46
50
54
58
62
66
70
74
78
82
86
90
94
98
102
106
110
114
118
122
126
130
134
138
142
146
150
154
158
162
166
170
174
178
182
186
190
194
198
202
206
210
214
218
222
226
230
234
238
242
246
250
254
258
262
266
270
274
278
282
286
290
294
298
302
306
310
314
318
322
326
330
334
338
342
346
350
354
358
362
366
370
374
378
382
386
390
394
398
402
406
410
414
418
422
426
430
434
438
442
446
450
454
458
462
466
470
474
478
482
486
490
494
498
502
506
510
514
518
522
526
530
534
538
542
546
550
554
558
562
566
570
574
578
582
586
590
594
598
602
606
610
614
618
622
626
630
634
638
642
646
650
654
658
662
666
670
674
678
682
686
690
694
698
702
706
710
714
718
722
726
730
734
738
742
746
750
754
758
762
766
770
774
778
782
786
790
794
798
802
806
810
814
818
822
826
830
834
838
842
846
850
854
858
862
866
870
874
878
882
886
890
894
898
902
906
910
914
918
922
926
930
934
938
942
946
950
954
958
962
966
970
974
978
982
986
990
994
998
1002
1006
1010
1014
1018
1022
1026
1030
1034
1038
1042
1046
1050
1054
1058
1062
1066
1070
1074
1078
1082
1086
1090
1094
1098
1102
1106
1110
1114
1118
1122
1126
1130
1134
1138
1142
1146
1150
1154
1158
1162
1166
1170
1174
1178
1182
1186
1190
1194
1198
1202
1206
1210
1214
1218
1222
1226
1230
1234
1238
1242
1246
1250
1254
1258
1262
1266
1270
1274
1278
1282
1286
1290
1294
1298
1302
1306
1310
1314
1318
1322
1326
1330
1334
1338
1342
1346
1350
1354
1358
1362
1366
1370
1374
1378
1382
1386
1390
1394
1398
1402
1406
1410
1414
1418
1422
1426
1430
1434
1438
1442
1446
1450
1454
1458
1462
1466
1470
1474
1478
1482
1486
1490
1494
1498
1502
1506
1510
1514
1518
1522
1526
1530
1534
1538
1542
1546
1550
1554
1558
1562
1566
1570
1574
1578
1582
1586
1590
1594
1598
1602
1606
1610
1614
1618
1622
1626
1630
1634
1638
1642
1646
1650
1654
1658
1662
1666
1670
1674
1678
1682
1686
1690
1694
1698
1702
1706
1710
1714
1718
1722
1726
1730
1734
1738
1742
1746
1750
1754
1758
1762
1766
1770
1774
1778
1782
1786
1790
1794
1798
1802
1806
1810
1814
1818
1822
1826
1830
1834
1838
1842
1846
1850
1854
1858
1862
1866
1870
1874
1878
1882
1886
1890
1894
1898
1902
1906
1910
1914
1918
1922
1926
1930
1934
1938
1942
1946
1950
1954
1958
1962
1966
1970
1974
1978
1982
1986
1990
1994
1998
2002
2006
2010
2014
2018
2022
2026
2030
2034
2038
2042
2046
2050
2054
2058
2062
2066
2070
2074
2078
2082
2086
2090
2094
2098
2102
2106
2110
2114
2118
2122
2126
2130
2134
2138
2142
2146
2150
2154
2158
2162
2166
2170
2174
2178
2182
2186
2190
2194
2198
2202
2206
2210
2214
2218
2222
2226
2230
2234
2238
2242
2246
2250
2254
2258
2262
2266
2270
2274
2278
2282
2286
2290
2294
2298
2302
2306
2310
2314
2318
2322
2326
2330
2334
2338
2342
2346
2350
2354
2358
2362
2366
2370
2374
2378
2382
2386
2390
2394
2398
2402
2406
2410
2414
2418
2422
2426
2430
2434
2438
2442
2446
2450
2454
2458
2462
2466
2470
2474
2478
2482
2486
2490
2494
2498
2502
2506
2510
2514
2518
2522
2526
2530
2534
2538
2542
2546
2550
2554
2558
2562
2566
2570
2574
2578
2582
2586
2590
2594
2598
2602
2606
2610
2614
2618
2622
2626
2630
2634
2638
2642
2646
2650
2654
2658
2662
2666
2670
2674
2678
2682
2686
2690
2694
2698
2702
2706
2710
2714
2718
2722
2726
2730
2734
2738
2742
2746
2750
2754
2758
2762
2766
2770
2774
2778
2782
2786
2790
2794
2798
2802
2806
2810
2814
2818
2822
2826
2830
2834
2838
2842
2846
2850
2854
2858
2862
2866
2870
2874
2878
2882
2886
2890
2894
2898
2902
2906
2910
2914
2918
2922
2926
2930
2934
2938
2942
2946
2950
2954
2958
2962
2966
2970
2974
2978
2982
2986
2990
2994
2998
3002
3006
3010
3014
3018
3022
3026
3030
3034
3038
3042
3046
3050
3054
3058
3062
3066
3070
3074
3078
3082
3086
3090
3094
3098
3102
3106
3110
3114
3118
3122
3126
3130
3134
3138
3142
3146
3150
3154
3158
3162
3166
3170
3174
3178
3182
3186
3190
3194
3198
3202
3206
3210
3214
3218
3222
3226
3230
3234
3238
3242
3246
3250
3254
3258
3262
3266
3270
3274
3278
3282
3286
3290
3294
3298
3302
3306
3310
3314
3318
3322
3326
3330
3334
3338
3342
3346
3350
3354
3358
3362
3366
3370
3374
3378
3382
3386
3390
3394
3398
3402
3406
3410
3414
3418
3422
3426
3430
3434
3438
3442
3446
3450
3454
3458
3462
3466
3470
3474
3478
3482
3486
3490
3494
3498
3502
3506
3510
3514
3518
3522
3526
3530
3534
3538
3542
3546
3550
3554
3558
3562
3566
3570
3574
3578
3582
3586
3590
3594
3598
3602
3606
3610
3614
3618
3622
3626
3630
3634
3638
3642
3646
3650
3654
3658
3662
3666
3670
3674
3678
3682
3686
3690
3694
3698
3702
3706
3710
3714
3718
3722
3726
3730
3734
3738
3742
3746
3750
3754
3758
3762
3766
3770
3774
3778
3782
3786
3790
3794
3798
3802
3806
3810
3814
3818
3822
3826
3830
3834
3838
3842
3846
3850
3854
3858
3862
3866
3870
3874
3878
3882
3886
3890
3894
3898
3902
3906
3910
3914
3918
3922
3926
3930
3934
3938
3942
3946
3950
3954
3958
3962
3966
3970
3974
3978
3982
3986
3990
3994
3998
4002
4006
4010
4014
4018
4022
4026
4030
4034
4038
4042
4046
4050
4054
4058
4062
4066
4070
4074
4078
4082
4086
4090
4094
4098
4102
4106
4110
4114
4118
4122
4126
4130
4134
4138
4142
4146
4150
4154
4158
4162
4166
4170
4174
4178
4182
4186
4190
4194
4198
4202
4206
4210
4214
4218
4222
4226
4230
4234
4238
4242
4246
4250
4254
4258
4262
4266
4270
4274
4278
4282
4286
4290
4294
4298
4302
4306
4310
4314
4318
4322
4326
4330
4334
4338
4342
4346
4350
4354
4358
4362
4366
4370
4374
4378
4382
4386
4390
4394
4398
4402
4406
4410
4414
4418
4422
4426
4430
4434
4438
4442
4446
4450
4454
4458
4462
4466
4470
4474
4478
4482
4486
4490
4494
4498
4502
4506
4510
4514
4518
4522
4526
4530
4534
4538
4542
4546
4550
4554
4558
4562
4566
4570
4574
4578
4582
4586
4590
4594
4598
4602
4606
4610
4614
4618
4622
4626
4630
4634
4638
4642
4646
4650
4654
4658
4662
4666
4670
4674
4678
4682
4686
4690
4694
4698
4702
4706
4710
4714
4718
4722
4726
4730
4734
4738
4742
4746
4750
4754
4758
4762
4766
4770
4774
4778
4782
4786
4790
4794
4798
4802
4806
4810
4814
4818
4822
4826
4830
4834
4838
4842
4846
4850
4854
4858
4862
4866
4870
4874
4878
4882
4886
4890
4894
4898
4902
4906
4910
4914
4918
4922
4926
4930
4934
4938
4942
4946
4950
4954
4958
4962
4966
4970
4974
4978
4982
4986
4990
4994
4998
5002
5006
5010
5014
5018
5022
5026
5030
5034
5038
5042
5046
5050
5054
5058
5062
5066
5070
5074
5078
5082
5086
5090
5094
5098
5102
5106
5110
5114
5118
5122
5126
5130
5134
5138
5142
5146
5150
5154
5158
5162
5166
5170
5174
5178
5182
5186
5190
5194
5198
5202
5206
5210
5214
5218
5222
5226
5230
5234
5238
5242
5246
5250
5254
5258
5262
5266
5270
5274
5278
5282
5286
5290
5294
5298
5302
5306
5310
5314
5318
5322
5326
5330
5334
5338
5342
5346
5350
5354
5358
5362
5366
5370
5374
5378
5382
5386
5390
5394
5398
5402
5406
5410
5414
5418
5422
5426
5430
5434
5438
5442
5446
5450
5454
5458
5462
5466
5470
5474
5478
5482
5486
5490
5494
5498
5502
5506
5510
5514
5518
5522
5526
5530
5534
5538
5542
5546
5550
5554
5558
5562
5566
5570
5574
5578
5582
5586
5590
5594
5598
5602
5606
5610
5614
5618
5622
5626
5630
5634
5638
5642
5646
5650
5654
5658
5662
5666
5670
5674
5678
5682
5686
5690
5694
5698
5702
5706
5710
5714
5718
5722
5726
5730
5734
5738
5742
5746
5750
5754
5758
5762
5766
5770
5774
5778
5782
5786
5790
5794
5798
5802
5806
5810
5814
5818
5822
5826
5830
5834
5838
5842
5846
5850
5854
5858
5862
5866
5870
5874
5878
5882
5886
5890
5894
5898
5902
5906
5910
5914
5918
5922
5926
5930
5934
5938
5942
5946
5950
5954
5958
5962
5966
5970
5974
5978
5982
5986
5990
5994
5998
6002
6006
6010
6014
6018
6022
6026
6030
6034
6038
6042
6046
6050
6054
6058
6062
6066
6070
6074
6078
6082
6086
6090
6094
6098
6102
6106
6110
6114
6118
6122
6126
6130
6134
6138
6142
6146
6150
6154
6158
6162
6166
6170
6174
6178
6182
6186
6190
6194
6198
6202
6206
6210
6214
6218
6222
6226
6230
6234
6238
6242
6246
6250
6254
6258
6262
6266
6270
6274
6278
6282
6286
6290
6294
6298
6302
6306
6310
6314
6318
6322
6326
6330
6334
6338
6342
6346
6350
6354
6358
6362
6366
6370
6374
6378
6382
6386
6390
6394
6398
6402
6406
6410
6414
6418
6422
6426
6430
6434
6438
6442
6446
6450
6454
6458
6462
6466
6470
6474
6478
6482
6486
6490
6494
6498
6502
6506
6510
6514
6518
6522
6526
6530
6534
6538
6542
6546
6550
6554
6558
6562
6566
6570
6574
6578
6582
6586
6590
6594
6598
6602
6606
6610
6614
6618
6622
6626
6630
6634
6638
6642
6646
6650
6654
6658
6662
6666
6670
6674
6678
6682
6686
6690
6694
6698
6702
6706
6710
6714
6718
6722
6726
6730
6734
6738
6742
6746
6750
6754
6758
6762
6766
6770
6774
6778
6782
6786
6790
6794
6798
6802
6806
6810
6814
6818
6822
6826
6830
6834
6838
6842
6846
6850
6854
6858
6862
6866
6870
6874
6878
6882
6886
6890
6894
6898
6902
6906
6910
6914
6918
6922
6926
6930
6934
6938
6942
6946
6950
6954
6958
6962
6966
6970
6974
6978
6982
6986
6990
6994
6998
7002
7006
7010
7014
7018
7022
7026
7030
7034
7038
7042
7046
7050
7054
7058
7062
7066
7070
7074
7078
7082
7086
7090
7094
7098
7102
7106
7110
7114
7118
7122
7126
7130
7134
7138
7142
7146
7150
7154
7158
7162
7166
7170
7174
7178
7182
7186
7190
7194
7198
7202
7206
7210
7214
7218
7222
7226
7230
7234
7238
7242
7246
7250
7254
7258
7262
7266
7270
7274
7278
7282
7286
7290
7294
7298
7302
7306
7310
7314
7318
7322
7326
7330
7334
7338
7342
7346
7350
7354
7358
7362
7366
7370
7374
7378
7382
7386
7390
7394
7398
7402
7406
7410
7414
7418
7422
7426
7430
7434
7438
7442
7446
7450
7454
7458
7462
7466
7470
7474
7478
7482
7486
7490
7494
7498
7502
7506
7510
7514
7518
7522
7526
7530
7534
7538
7542
7546
7550
7554
7558
7562
7566
7570
7574
7578
7582
7586
7590
7594
7598
7602
7606
7610
7614
7618
7622
7626
7630
7634
7638
7642
7646
7650
7654
7658
7662
7666
7670
7674
7678
7682
7686
7690
7694
7698
7702
7706
7710
7714
7718
7722
7726
7730
7734
7738
7742
7746
7750
7754
7758
7762
7766
7770
7774
7778
7782
7786
7790
7794
7798
7802
7806
7810
7814
7818
7822
7826
7830
7834
7838
7842
7846
7850
7854
7858
7862
7866
7870
7874
7878
7882
7886
7890
7894
7898
7902
7906
7910
7914
7918
7922
7926
7930
7934
7938
7942
7946
7950
7954
7958
7962
7966
7970
7974
7978
7982
7986
7990
7994
7998
8002
8006
8010
8014
8018
8022
8026
8030
8034
8038
8042
8046
8050
8054
8058
8062
8066
8070
8074
8078
8082
8086
8090
8094
8098
8102
8106
8110
8114
8118
8122
8126
8130
8134
8138
8142
8146
8150
8154
8158
8162
8166
8170
8174
8178
8182
8186
8190
8194
8198
8202
8206
8210
8214
8218
8222
8226
8230
8234
8238
8242
8246
8250
8254
8258
8262
8266
8270
8274
8278
8282
8286
8290
8294
8298
8302
8306
8310
8314
8318
8322
8326
8330
8334
8338
8342
8346
8350
8354
8358
8362
8366
8370
8374
8378
8382
8386
8390
8394
8398
8402
8406
8410
8414
8418
8422
8426
8430
8434
8438
8442
8446
8450
8454
8458
8462
8466
8470
8474
8478
8482
8486
8490
8494
8498
8502
8506
8510
8514
8518
8522
8526
8530
8534
8538
8542
8546
8550
8554
8558
8562
8566
8570
8574
8578
8582
8586
8590
8594
8598
8602
8606
8610
8614
8618
8622
8626
8630
8634
8638
8642
8646
8650
8654
8658
8662
8666
8670
8674
8678
8682
8686
8690
8694
8698
8702
8706
8710
8714
8718
8722
8726
8730
8734
8738
8742
8746
8750
8754
8758
8762
8766
8770
8774
8778
8782
8786
8790
8794
8798
8802
8806
8810
8814
8818
8822
8826
8830
8834
8838
8842
8846
8850
8854
8858
8862
8866
8870
8874
8878
8882
8886
8890
8894
8898
8902
8906
8910
8914
8918
8922
8926
8930
8934
8938
8942
8946
8950
8954
8958
8962
8966
8970
8974
8978
8982
8986
8990
8994
8998
9002
9006
9010
9014
9018
9022
9026
9030
9034
9038
9042
9046
9050
9054
9058
9062
9066
9070
9074
9078
9082
9086
9090
9094
9098
9102
9106
9110
9114
9118
9122
9126
9130
9134
9138
9142
9146
9150
9154
9158
9162
9166
9170
9174
9178
9182
9186
9190
9194
9198
9202
9206
9210
9214
9218
9222
9226
9230
9234
9238
9242
9246
9250
9254
9258
9262
9266
9270
9274
9278
9282
9286
9290
9294
9298
9302
9306
9310
9314
9318
9322
9326
9330
9334
9338
9342
9346
9350
9354
9358
9362
9366
9370
9374
9378
9382
9386
9390
9394
9398
9402
9406
9410
9414
9418
9422
9426
9430
9434
9438
9442
9446
9450
9454
9458
9462
9466
9470
9474
9478
9482
9486
9490
9494
9498
9502
9506
9510
9514
9518
9522
9526
9530
9534
9538
9542
9546
9550
9554
9558
9562
9566
9570
9574
9578
9582
9586
9590
9594
9598
9602
9606
9610
9614
9618
9622
9626
9630
9634
9638
9642
9646
9650
9654
9658
9662
9666
9670
9674
9678
9682
9686
9690
9694
9698
9702
9706
9710
9714
9718
9722
9726
9730
9734
9738
9742
9746
9750
9754
9758
9762
9766
9770
9774
9778
9782
9786
9790
9794
9798
9802
9806
9810
9814
9818
9822
9826
9830
9834
9838
9842
9846
9850
9854
9858
9862
9866
9870
9874
9878
9882
9886
9890
9894
9898
9902
9906
9910
9914
9918
9922
9926
9930
9934
9938
9942
9946
9950
9954
9958
9962
9966
9970
9974
9978
9982
9986
9990
9994
9998
10002
10006
10010
10014
10018
10022
10026
10030
10034
10038
10042
10046
10050
10054
10058
10062
10066
10070
10074
10078
10082
10086
10090
10094
10098
10102
10106
10110
10114
10118
10122
10126
10130
10134
10138
10142
10146
10150
10154
10158
10162
10166
10170
10174
10178
10182
10186
10190
10194
10198
10202
10206
10210
10214
10218
10222
10226
10230
10234
10238
10242
10246
10250
10254
10258
10262
10266
10270
10274
10278
10282
10286
10290
10294
10298
10302
10306
10310
10314
10318
10322
10326
10330
10334
10338
10342
10346
10350
10354
10358
10362
10366
10370
10374
10378
10382
10386
10390
10394
10398
10402
10406
10410
10414
10418
10422
10426
10430
10434
10438
10442
10446
10450
10454
10458
10462
10466
10470
10474
10478
10482
10486
10490
10494
10498
10502
10506
10510
10514
10518
10522
10526
10530
10534
10538
10542
10546
10550
10554
10558
10562
10566
10570
10574
10578
10582
10586
10590
10594
10598
10602
10606
10610
10614
10618
10622
10626
10630
10634
10638
10642
10646
10650
10654
10658
10662
10666
10670
10674
10678
10682
10686
10690
10694
10698
10702
10706
10710
10714
10718
10722
10726
10730
10734
10738
10742
10746
10750
10754
10758
10762
10766
10770
10774
10778
10782
10786
10790
10794
10798
10802
10806
10810
10814
10818
10822
10826
10830
10834
10838
10842
10846
10850
10854
10858
10862
10866
10870
10874
10878
10882
10886
10890
10894
10898
10902
10906
10910
10914
10918
10922
10926
10930
10934
10938
10942
10946
10950
10954
10958
10962
10966
10970
10974
10978
10982
10986
10990
10994
10998
11002
11006
11010
11014
11018
11022
11026
11030
11034
11038
11042
11046
11050
11054
11058
11062
11066
11070
11074
11078
11082
11086
11090
11094
11098
11102
11106
11110
11114
11118
11122
11126
11130
11134
11138
11142
11146
11150
11154
11158
11162
11166
11170
11174
11178
11182
11186
11190
11194
11198
11202
11206
11210
11214
11218
11222
11226
11230
11234
11238
11242
11246
11250
11254
11258
11262
11266
11270
11274
11278
11282
11286
11290
11294
11298
11302
11306
11310
11314
11318
11322
11326
11330
11334
11338
11342
11346
11350
11354
11358
11362
11366
11370
11374
11378
11382
11386
11390
11394
11398
11402
11406
11410
11414
11418
11422
11426
11430
11434
11438
11442
11446
11450
11454
11458
11462
11466
11470
11474
11478
11482
11486
11490
11494
11498
11502
11506
11510
11514
11518
11522
11526
11530
11534
11538
11542
11546
11550
11554
11558
11562
11566
11570
11574
11578
11582
11586
11590
11594
11598
11602
11606
11610
11614
11618
11622
11626
11630
11634
11638
11642
11646
11650
11654
11658
11662
11666
11670
11674
11678
11682
11686
11690
11694
11698
11702
11706
11710
11714
11718
11722
11726
11730
11734
11738
11742
11746
11750
11754
11758
11762
11766
11770
11774
11778
11782
11786
11790
11794
11798
11802
11806
11810
11814
11818
11822
11826
11830
11834
11838
11842
11846
11850
11854
11858
11862
11866
11870
11874
11878
11882
11886
11890
11894
11898
11902
11906
11910
11914
11918
11922
11926
11930
11934
11938
11942
11946
11950
11954
11958
11962
11966
11970
11974
11978
11982
11986
11990
11994
11998
12002
12006
12010
12014
12018
12022
12026
12030
12034
12038
12042
12046
12050
12054
12058
12062
12066
12070
12074
12078
12082
12086
12090
12094
12098
12102
12106
12110
12114
12118
12122
12126
12130
12134
12138
12142
12146
12150
12154
12158
12162
12166
12170
12174
12178
12182
12186
12190
12194
12198
12202
12206
12210
12214
12218
12222
12226
12230
12234
12238
12242
12246
12250
12254
12258
12262
12266
12270
12274
12278
12282
12286
12290
12294
12298
12302
12306
12310
12314
12318
12322
12326
12330
12334
12338
12342
12346
12350
12354
12358
12362
12366
12370
12374
12378
12382
12386
12390
12394
12398
12402
12406
12410
12414
12418
12422
12426
12430
12434
12438
12442
12446
12450
12454
12458
12462
12466
12470
12474
12478
12482
12486
12490
12494
12498
12502
12506
12510
12514
12518
12522
12526
12530
12534
12538
12542
12546
12550
12554
12558
12562
12566
12570
12574
12578
12582
12586
12590
12594
12598
12602
12606
12610
12614
12618
12622
12626
12630
12634
12638
12642
12646
12650
12654
12658
12662
12666
12670
12674
12678
12682
12686
12690
12694
12698
12702
12706
12710
12714
12718
12722
12726
12730
12734
12738
12742
12746
12750
12754
12758
12762
12766
12770
12774
12778
12782
12786
12790
12794
12798
12802
12806
12810
12814
12818
12822
12826
12830
12834
12838
12842
12846
12850
12854
12858
12862
12866
12870
12874
12878
12882
12886
12890
12894
12898
12902
12906
12910
12914
12918
12922
12926
12930
12934
12938
12942
12946
12950
12954
12958
12962
12966
12970
12974
12978
12982
12986
12990
12994
12998
13002
13006
13010
13014
13018
13022
13026
13030
13034
13038
13042
13046
13050
13054
13058
13062
13066
13070
13074
13078
13082
13086
13090
13094
13098
13102
13106
13110
13114
13118
13122
13126
13130
13134
13138
13142
13146
13150
13154
13158
13162
13166
13170
13174
13178
13182
13186
13190
13194
13198
13202
13206
13210
13214
13218
13222
13226
13230
13234
13238
13242
13246
13250
13254
13258
13262
13266
13270
13274
13278
13282
13286
13290
13294
13298
13302
13306
13310
13314
13318
13322
13326
13330
13334
13338
13342
13346
13350
13354
13358
13362
13366
13370
13374
13378
13382
13386
13390
13394
13398
13402
13406
13410
13414
13418
13422
13426
13430
13434
13438
13442
13446
13450
13454
13458
13462
13466
13470
13474
13478
13482
13486
13490
13494
13498
13502
13506
13510
13514
13518
13522
13526
13530
13534
13538
13542
13546
13550
13554
13558
13562
13566
13570
13574
13578
13582
13586
13590
13594
13598
13602
13606
13610
13614
13618
13622
13626
13630
13634
13638
13642
13646
13650
13654
13658
13662
13666
13670
13674
13678
13682
13686
13690
13694
13698
13702
13706
13710
13714
13718
13722
13726
13730
13734
13738
13742
13746
13750
13754
13758
13762
13766
13770
13774
13778
13782
13786
13790
13794
13798
13802
13806
13810
13814
13818
13822
13826
13830
13834
13838
13842
13846
13850
13854
13858
13862
13866
13870
13874
13878
13882
13886
13890
13894
13898
13902
13906
13910
13914
13918
13922
13926
13930
13934
13938
13942
13946
13950
13954
13958
13962
13966
13970
13974
13978
13982
13986
13990
13994
13998
14002
14006
14010
14014
14018
14022
14026
14030
14034
14038
14042
14046
14050
14054
14058
14062
14066
14070
14074
14078
14082
14086
14090
14094
14098
14102
14106
14110
14114
14118
14122
14126
14130
14134
14138
14142
14146
14150
14154
14158
14162
14166
14170
14174
14178
14182
14186
14190
14194
14198
14202
14206
14210
14214
14218
14222
14226
14230
14234
14238
14242
14246
14250
14254
14258
14262
14266
14270
14274
14278
14282
14286
14290
14294
14298
14302
14306
14310
14314
14318
14322
14326
14330
14334
14338
14342
14346
14350
14354
14358
14362
14366
14370
14374
14378
14382
14386
14390
14394
14398
14402
14406
14410
14414
14418
14422
14426
14430
14434
14438
14442
14446
14450
14454
14458
14462
14466
14470
14474
14478
14482
14486
14490
14494
14498
14502
14506
14510
14514
14518
14522
14526
14530
14534
14538
14542
14546
14550
14554
14558
14562
14566
14570
14574
14578
14582
14586
14590
14594
14598
14602
14606
14610
14614
14618
14622
14626
14630
14634
14638
14642
14646
14650
14654
14658
14662
14666
14670
14674
14678
14682
14686
14690
14694
14698
14702
14706
14710
14714
14718
14722
14726
14730
14734
14738
14742
14746
14750
14754
14758
14762
14766
14770
14774
14778
14782
14786
14790
14794
14798
14802
14806
14810
14814
14818
14822
14826
14830
14834
14838
14842
14846
14850
14854
14858
14862
14866
14870
14874
14878
14882
14886
14890
14894
14898
14902
14906
14910
14914
14918
14922
14926
14930
14934
14938
14942
14946
14950
14954
14958
14962
14966
14970
14974
14978
14982
14986
14990
14994
14998
15002
15006
15010
15014
15018
15022
15026
15030
15034
15038
15042
15046
15050
15054
15058
15062
15066
15070
15074
15078
15082
15086
15090
15094
15098
15102
15106
15110
15114
15118
15122
15126
15130
15134
15138
15142
15146
15150
15154
15158
15162
15166
15170
15174
15178
15182
15186
15190
15194
15198
15202
15206
15210
15214
15218
15222
15226
15230
15234
15238
15242
15246
15250
15254
15258
15262
15266
15270
15274
15278
15282
15286
15290
15294
15298
15302
15306
15310
15314
15318
15322
15326
15330
15334
15338
15342
15346
15350
15354
15358
15362
15366
15370
15374
15378
15382
15386
15390
15394
15398
15402
15406
15410
15414
15418
15422
15426
15430
15434
15438
15442
15446
15450
15454
15458
15462
15466
15470
15474
15478
15482
15486
15490
15494
15498
15502
15506
15510
15514
15518
15522
15526
15530
15534
15538
15542
15546
15550
15554
15558
15562
15566
15570
15574
15578
15582
15586
15590
15594
15598
15602
15606
15610
15614
15618
15622
15626
15630
15634
15638
15642
15646
15650
15654
15658
15662
15666
15670
15674
15678
15682
15686
15690
15694
15698
15702
15706
15710
15714
15718
15722
15726
15730
15734
15738
15742
15746
15750
15754
15758
15762
15766
15770
15774
15778
15782
15786
15790
15794
15798
15802
15806
15810
15814
15818
15822
15826
15830
15834
15838
15842
15846
15850
15854
15858
15862
15866
15870
15874
15878
15882
15886
15890
15894
15898
15902
15906
15910
15914
15918
15922
15926
15930
15934
15938
15942
15946
15950
15954
15958
15962
15966
15970
15974
15978
15982
15986
15990
15994
15998
16002
16006
16010
16014
16018
16022
16026
16030
16034
16038
16042
16046
16050
16054
16058
16062
16066
16070
16074
16078
16082
16086
16090
16094
16098
16102
16106
16110
16114
16118
16122
16126
16130
16134
16138
16142
16146
16150
16154
16158
16162
16166
16170
16174
16178
16182
16186
16190
16194
16198
16202
16206
16210
16214
16218
16222
16226
16230
16234
16238
16242
16246
16250
16254
16258
16262
16266
16270
16274
16278
16282
16286
16290
16294
16298
16302
16306
16310
16314
16318
16322
16326
16330
16334
16338
16342
16346
16350
16354
16358
16362
16366
16370
16374
16378
16382
16386
16390
16394
16398
16402
16406
16410
16414
16418
16422
16426
16430
16434
16438
16442
16446
16450
16454
16458
16462
16466
16470
16474
16478
16482
16486
16490
16494
16498
16502
16506
16510
16514
16518
16522
16526
16530
16534
16538
16542
16546
16550
16554
16558
16562
16566
16570
16574
16578
16582
16586
16590
16594
16598
16602
16606
16610
16614
16618
16622
16626
16630
16634
16638
16642
16646
16650
16654
16658
16662
16666
16670
16674
16678
16682
16686
16690
16694
16698
16702
16706
16710
16714
16718
16722
16726
16730
16734
16738
16742
16746
16750
16754
16758
16762
16766
16770
16774
16778
16782
16786
16790
16794
16798
16802
16806
16810
16814
16818
16822
16826
16830
16834
16838
16842
16846
16850
16854
16858
16862
16866
16870
16874
16878
16882
16886
16890
16894
16898
16902
16906
16910
16914
16918
16922
16926
16930
16934
16938
16942
16946
16950
16954
16958
16962
16966
16970
16974
16978
16982
16986
16990
16994
16998
17002
17006
17010
17014
17018
17022
17026
17030
17034
17038
17042
17046
17050
17054
17058
17062
17066
17070
17074
17078
17082
17086
17090
17094
17098
17102
17106
17110
17114
17118
17122
17126
17130
17134
17138
17142
17146
17150
17154
17158
17162
17166
17170
17174
17178
17182
17186
17190
17194
17198
17202
17206
17210
17214
17218
17222
17226
17230
17234
17238
17242
17246
17250
17254
17258
17262
17266
17270
17274
17278
17282
17286
17290
17294
17298
17302
17306
17310
17314
17318
17322
17326
17330
17334
17338
17342
17346
17350
17354
17358
17362
17366
17370
17374
17378
17382
17386
17390
17394
17398
17402
17406
17410
17414
17418
17422
17426
17430
17434
17438
17442
17446
17450
17454
17458
17462
17466
17470
17474
17478
17482
17486
17490
17494
17498
17502
17506
17510
17514
17518
17522
17526
17530
17534
17538
17542
17546
17550
17554
17558
17562
17566
17570
17574
17578
17582
17586
17590
17594
17598
17602
17606
17610
17614
17618
17622
17626
17630
17634
17638
17642
17646
17650
17654
17658
17662
17666
17670
17674
17678
17682
17686
17690
17694
17698
17702
17706
17710
17714
17718
17722
17726
17730
17734
17738
17742
17746
17750
17754
17758
17762
17766
17770
17774
17778
17782
17786
17790
17794
17798
17802
17806
17810
17814
17818
17822
17826
17830
17834
17838
17842
17846
17850
17854
17858
17862
17866
17870
17874
17878
17882
17886
17890
17894
17898
17902
17906
17910
17914
17918
17922
17926
17930
17934
17938
17942
17946
17950
17954
17958
17962
17966
17970
17974
17978
17982
17986
17990
17994
17998
18002
18006
18010
18014
18018
18022
18026
18030
18034
18038
18042
18046
18050
18054
18058
18062
18066
18070
18074
18078
18082
18086
18090
18094
18098
18102
18106
18110
18114
18118
18122
18126
18130
18134
18138
18142
18146
18150
18154
18158
18162
18166
18170
18174
18178
18182
18186
18190
18194
18198
18202
18206
18210
18214
18218
18222
18226
18230
18234
18238
18242
18246
18250
18254
18258
18262
18266
18270
18274
18278
18282
18286
18290
18294
18298
18302
18306
18310
18314
18318
18322
18326
18330
18334
18338
18342
18346
18350
18354
18358
18362
18366
18370
18374
18378
18382
18386
18390
18394
18398
18402
18406
18410
18414
18418
18422
18426
18430
18434
18438
18442
18446
18450
18454
18458
18462
18466
18470
18474
18478
18482
18486
18490
18494
18498
18502
18506
18510
18514
18518
18522
18526
18530
18534
18538
18542
18546
18550
18554
18558
18562
18566
18570
18574
18578
18582
18586
18590
18594
18598
18602
18606
18610
18614
18618
18622
18626
18630
18634
18638
18642
18646
18650
18654
18658
18662
18666
18670
18674
18678
18682
18686
18690
18694
18698
18702
18706
18710
18714
18718
18722
18726
18730
18734
18738
18742
18746
18750
18754
18758
18762
18766
18770
18774
18778
18782
18786
18790
18794
18798
18802
18806
18810
18814
18818
18822
18826
18830
18834
18838
18842
18846
18850
18854
18858
18862
18866
18870
18874
18878
18882
18886
18890
18894
18898
18902
18906
18910
18914
18918
18922
18926
18930
18934
18938
18942
18946
18950
18954
18958
18962
18966
18970
18974
18978
18982
18986
18990
18994
18998
19002
19006
19010
19014
19018
19022
19026
19030
19034
19038
19042
19046
19050
19054
19058
19062
19066
19070
19074
19078
19082
19086
19090
19094
19098
19102
19106
19110
19114
19118
19122
19126
19130
19134
19138
19142
19146
19150
19154
19158
19162
19166
19170
19174
19178
19182
19186
19190
19194
19198
19202
19206
19210
19214
19218
19222
19226
19230
19234
19238
19242
19246
19250
19254
19258
19262
19266
19270
19274
19278
19282
19286
19290
19294
19298
19302
19306
19310
19314
19318
19322
19326
19330
19334
19338
19342
19346
19350
19354
19358
19362
19366
19370
19374
19378
19382
19386
19390
19394
19398
19402
19406
19410
19414
19418
19422
19426
19430
19434
19438
19442
19446
19450
19454
19458
19462
19466
19470
19474
19478
19482
19486
19490
19494
19498
19502
19506
19510
19514
19518
19522
19526
19530
19534
19538
19542
19546
19550
19554
19558
19562
19566
19570
19574
19578
19582
19586
19590
19594
19598
19602
19606
19610
19614
19618
19622
19626
19630
19634
19638
19642
19646
19650
19654
19658
19662
19666
19670
19674
19678
19682
19686
19690
19694
19698
19702
19706
19710
19714
19718
19722
19726
19730
19734
19738
19742
19746
19750
19754
19758
19762
19766
19770
19774
19778
19782
19786
19790
19794
19798
19802
19806
19810
19814
19818
19822
19826
19830
19834
19838
19842
19846
19850
19854
19858
19862
19866
19870
19874
19878
19882
19886
19890
19894
19898
19902
19906
19910
19914
19918
19922
19926
19930
19934
19938
19942
19946
19950
19954
19958
19962
19966
19970
19974
19978
19982
19986
19990
19994
19998