10
75
46680 38122 27230 28008 48236 18672 3112 9336 21006 14004 17894 24118 11670 31120 24896 41234 16338 25674 14782 35010 19450 57572 1556 58350 34232 40456 778 42012 7002 37344 50570 6224 2334 29564 43568 15560 3890 23340 49014 36566 32676 26452 35788 13226 33454 17116 28786 30342 31898 54460 12448 44346 56794 5446 10114 4668 45902 7780 45124 10892 53682 55238 52126 51348 38900 56016 42790 49792 39678 52904 8558 20228 22562 47458 21784
86
32128 30622 38654 1004 10542 21586 15562 23594 8032 6526 30120 22088 11044 18072 1506 34638 19076 12048 29618 25100 18574 25602 37650 37148 23092 36144 2008 7530 34136 12550 33132 10040 20582 42168 17570 41164 2510 26104 40160 20080 28614 36646 16566 4518 13052 40662 41666 28112 21084 3012 32630 13554 11546 3514 38152 35642 9538 8534 14558 42670 39156 31626 5020 33634 15060 7028 24598 6024 4016 31124 17068 22590 29116 19578 14056 502 24096 16064 5522 26606 9036 27108 39658 35140 43172 27610
27
15015 10010 6006 4290 2730 2310 20020 40040 80080 12012 24024 48048 96096 8580 17160 34320 68640 5460 10920 21840 43680 87360 4620 9240 18480 36960 73920
38
3312 276 5520 6624 10488 2208 7176 552 6348 8004 4692 10212 2760 6900 9660 8832 1656 1104 7728 8556 3036 8280 9384 828 1380 4416 9936 5244 6072 5796 9108 4968 1932 2484 7452 3864 3588 4140
28
11018 787 21249 14953 19675 12592 11805 13379 7083 3148 18888 1574 15740 2361 3935 20462 7870 4722 17314 10231 14166 5509 9444 22036 6296 16527 18101 8657
41
17416 24880 18660 6220 19282 14306 2488 12440 18038 5598 7464 21148 9952 8086 9330 622 23636 14928 4976 11196 21770 4354 16172 22392 23014 11818 1 13062 25502 20526 1244 10574 16794 13684 24258 8708 6842 3110 1866 19904 3732
26
3008 1128 4512 9400 6392 5640 5264 3760 7144 9776 9024 8272 6016 4136 376 7896 6768 1880 4888 1504 752 2256 8648 2632 7520 3384
34
5472 2280 456 4104 10488 10032 13680 14592 3648 2736 912 11400 7296 1824 8208 5016 6840 10944 9576 11856 15048 15504 8664 12312 13224 7752 6384 12768 9120 23 1368 4560 14136 3192
20
6912 7680 5376 6528 4224 3456 6144 384 2688 3840 3072 4608 2304 1536 1152 1920 768 4992 5760 7296
30
16072 8036 10906 12628 8610 14350 4592 16646 5740 13776 2296 1148 14924 6314 9184 9758 2870 13202 4018 7462 5166 574 6888 11480 17220 12054 47 1722 10332 15498